24,3
24,2
24,1
24,0
23,4
23,3
23,2
23,1
23,0
22,3
22,2
22,1
22,0
21,5
21,4
21,3
21,2
21,1
21,0
19,3
19,2
19,1
19,0
14,3
14,2
14,1
14,0
13,4
13,3
13,2
13,1
13,0
12,3
12,2
12,1
12,0
11,5
11,4
11,3
11,2
11,1
11,0
9,3
9,2
9,1
9,0
4,3
4,2
4,1
4,0
3,6
3,5
3,4
3,3
3,2
3,1
3,0
2,2
2,1
2,0
1,2
1,1
1,0
0,408
0,322
0,243
0,1
0,0
1,3
2,3
0,9
0,310
0,305
0,308
0,304
0,303
0,302
0,307
0,12
0,10
0,8
0,423
0,300
0,422
0,299
0,421
0,298
0,420
0,297
0,419
0,296
0,418
0,295
0,417
0,294
0,293
0,416
0,292
0,415
0,291
0,414
0,290
0,289
0,412
0,288
0,411
0,287
0,413
0,286
0,410
0,285
0,409
0,284
0,407
0,283
0,406
0,282
0,405
0,281
0,404
0,280
0,279
0,403
0,278
0,402
0,277
0,401
0,276
0,275
0,400
0,274
0,399
0,273
0,398
0,272
0,397
0,271
0,396
0,270
0,395
0,269
0,394
0,268
0,393
0,267
0,392
0,266
0,391
0,265
0,390
0,264
0,389
0,263
0,388
0,262
0,387
0,261
0,386
0,260
0,384
0,259
0,383
0,258
0,385
0,257
0,382
0,256
0,381
0,255
0,380
0,254
0,379
0,253
0,378
0,252
0,377
0,251
0,250
0,376
0,249
0,375
0,248
0,374
0,247
0,246
0,372
0,245
0,371
0,244
0,373
0,242
0,370
0,241
0,369
0,240
0,368
0,239
0,367
0,238
0,366
0,237
0,365
0,236
0,235
0,364
0,234
0,363
0,233
0,362
0,232
0,231
0,360
0,230
0,359
0,229
0,361
0,228
0,358
0,227
0,357
0,226
0,356
0,225
0,355
0,224
0,354
0,223
0,353
0,222
0,221
0,352
0,220
0,351
0,219
0,350
0,218
0,217
0,348
0,216
0,347
0,215
0,349
0,214
0,346
0,213
0,345
0,212
0,344
0,211
0,343
0,210
0,342
0,209
0,341
0,208
0,427
0,207
0,340
0,206
0,339
0,205
0,338
0,204
0,426
0,203
0,336
0,202
0,335
0,201
0,337
0,200
0,334
0,199
0,333
0,198
0,332
0,197
0,331
0,196
0,330
0,195
0,329
0,194
0,425
0,193
0,328
0,192
0,327
0,63
0,326
0,62
0,424
0,61
0,325
0,60
0,324
0,59
0,323
0,58
0,321
0,57
0,320
0,56
0,319
0,55
0,318
0,54
0,317
0,53
0,316
0,52
0,315
0,51
0,314
0,50
0,313
0,49
0,312
0,48
0,311
0,47
0,309
0,46
0,306
0,45
0,301
0,6
0,5
0,11
0,4
0,2
0,3
0,7
